001FIL @/POTCOMP.FIG
001DAT 8/29/2021
001TIM  0: 0: 0
300COL 255   0   0 (blue, green & red levels from 0-255)
101FNT  20 Arial
400FNT  1 0 0 0   (bold, italic, underline, strikeout [0 = false])
001SYS Mo - Te - W
300COL 255   0   0 (blue, green & red levels from 0-255)
101FNT  14 Arial
400FNT  1 1 0 0   (bold, italic, underline, strikeout [0 = false])
001SY2 750}o{C, 1 atm
100TRN 1
200TRN 1  1
001ACT 
001BCT 
001CCT 
300COL   0   0   0 (blue, green & red levels from 0-255)
101FNT  12 Arial
400FNT  0 0 0 0   (bold, italic, underline, strikeout [0 = false])
010XIN  1.00000000000000E-0001
100XSB 10
100XGP 1
300COL   0   0   0 (blue, green & red levels from 0-255)
210PEN   4   0  4.00000000000000E-0001 (width  mode  style)
100XLG  2.17000000000000E+0002 mm
001XFM #.#####;;0
300COL 192 192 192 (blue, green & red levels from 0-255)
210PEN   4   2  1.00000000000000E-0001 (width  mode  style)
110XGD 0  1.00000000000000E-0001
300COL   0   0   0 (blue, green & red levels from 0-255)
101FNT  12 Arial
400FNT  0 0 0 0   (bold, italic, underline, strikeout [0 = false])
010YIN  1.00000000000000E-0001
100YSB 10
100YGP 1
300COL   0   0   0 (blue, green & red levels from 0-255)
210PEN   4   0  4.00000000000000E-0001 (width  mode  style)
100YLG  1.50000000000000E+0002 mm
001YFM #.#####;;0
300COL 192 192 192 (blue, green & red levels from 0-255)
210PEN   4   2  1.00000000000000E-0001 (width  mode  style)
110YGD 0  1.00000000000000E-0001
010AAB 150 mm
010ABC 150 mm
010ACA 150 mm
040LIM  0.00000000000000E+0000  1.00000000000000E+0000  0.00000000000000E+0000  1.00000000000000E+0000
001CMD NOTOP
001CMD NOBOTTOM
001CMD NOLEFT
001CMD NORIGHT
001CMD NODATE
001CMD NOFILENAME
101LGO 1 C:\FactSageEdu\FactHelp\L_Blue.bmp
100TFM 0
100FST 0
200TRP 0 0 (Marks inside = 0 or outisde <> 0;  Reference absolute = 0 or relative to X(i)min <> 0
300COL   0 128   0 (blue, green & red levels from 0-255)
101FNT   7 Arial
400FNT  0 0 0 0   (bold, italic, underline, strikeout [0 = false])
550TFA 1 1 1 2 7  0.00000000000000E+0000  1.00000000000000E+0000  2.50000000000000E-0002  1.00000000000000E-0001  1.00000000000000E-0001
300COL   0 128   0 (blue, green & red levels from 0-255)
101FNT   7 Arial
400FNT  0 0 0 0   (bold, italic, underline, strikeout [0 = false])
550TFB 1 1 1 2 7  0.00000000000000E+0000  1.00000000000000E+0000  2.50000000000000E-0002  1.00000000000000E-0001  1.00000000000000E-0001
300COL   0 128   0 (blue, green & red levels from 0-255)
101FNT   7 Arial
400FNT  0 0 0 0   (bold, italic, underline, strikeout [0 = false])
550TFC 1 1 1 2 7  0.00000000000000E+0000  1.00000000000000E+0000  2.50000000000000E-0002  1.00000000000000E-0001  1.00000000000000E-0001
101FNT 10 Arial
400FNT  0  0  0  0
300COL   0   0   0 (blue, green & red levels from 0-255)
101FNT  10 Arial
400FNT  0 0 0 0   (bold, italic, underline, strikeout [0 = false])
001ALI CENTER
210PEN   4   0  3.00000000000000E-0001 (mode  style width)
300COL 192   0   0 (blue, green & red levels from 0-255)
101FNT  22 Arial
400FNT  1 1 0 0   (bold, italic, underline, strikeout [0 = false])
041LAB      5.00000000000000E-0001  9.80000000000000E-0001 1.00000 0.00000 Mo
041LAB      1.18500000000000E-0001  3.00000000000000E-0002 1.00000 0.00000 W
041LAB      8.81500000000000E-0001  3.00000000000000E-0002 1.00000 0.00000 Te
300COL 128   0 128 (blue, green & red levels from 0-255)
101FNT  14 Arial
400FNT  0 1 0 0   (bold, italic, underline, strikeout [0 = false])
041LAB      5.00000000000000E-0001  1.00000000000000E-0003 1.00000 0.00000 mole fraction
300COL   0   0   0 (blue, green & red levels from 0-255)
210PEN   4   0  2.00000002980232E-0001 (mode  style width)
701LIN  0 1 255 255 255 0 1 ZPF:  750 W_solid(s)
130EXP   0  5.05569221000000E-0003  9.94934307790000E-0001  1.00000000000000E-0005
130EXP  -1  5.04810413000000E-0003  9.93946992520000E-0001  1.00490335000000E-0003
130EXP  -1  4.85948486000000E-0003  9.69258118440000E-0001  2.58823967000000E-0002
130EXP  -1  4.67075115000000E-0003  9.44559923050000E-0001  5.07693258000000E-0002
130EXP  -1  4.48194574000000E-0003  9.19852358160000E-0001  7.56656961000000E-0002
130EXP  -1  4.29306868000000E-0003  8.95135418320000E-0001  1.00571513000000E-0001
130EXP  -1  4.10411995000000E-0003  8.70409098050000E-0001  1.25486782000000E-0001
130EXP  -1  3.91509950000000E-0003  8.45673391500000E-0001  1.50411509000000E-0001
130EXP  -1  3.72600728000000E-0003  8.20928294720000E-0001  1.75345698000000E-0001
130EXP  -1  3.53684326000000E-0003  7.96173800740000E-0001  2.00289356000000E-0001
130EXP  -1  3.34760739000000E-0003  7.71409905610000E-0001  2.25242487000000E-0001
130EXP  -1  3.15829964000000E-0003  7.46636602360000E-0001  2.50205098000000E-0001
130EXP  -1  2.96891996000000E-0003  7.21853888040000E-0001  2.75177192000000E-0001
130EXP  -1  2.77946832000000E-0003  6.97061754680000E-0001  3.00158777000000E-0001
130EXP  -1  2.58994466000000E-0003  6.72260198340000E-0001  3.25149857000000E-0001
130EXP  -1  2.40034896000000E-0003  6.47449214040000E-0001  3.50150437000000E-0001
130EXP  -1  2.21068117000000E-0003  6.22628794830000E-0001  3.75160524000000E-0001
130EXP  -1  2.02094124000000E-0003  5.97798936760000E-0001  4.00180122000000E-0001
130EXP  -1  1.83112914000000E-0003  5.72959633860000E-0001  4.25209237000000E-0001
130EXP  -1  1.64124483000000E-0003  5.48110881170000E-0001  4.50247874000000E-0001
130EXP  -1  1.45128826000000E-0003  5.23252672740000E-0001  4.75296039000000E-0001
130EXP  -1  1.26125939000000E-0003  4.98385003610000E-0001  5.00353737000000E-0001
130EXP  -1  1.07115819000000E-0003  4.73507867810000E-0001  5.25420974000000E-0001
130EXP  -1  8.80984604000000E-0004  4.48621259396000E-0001  5.50497756000000E-0001
130EXP  -1  6.90738600000000E-0004  4.23725175400000E-0001  5.75584086000000E-0001
130EXP  -1  5.00420135000000E-0004  3.98819607865000E-0001  6.00679972000000E-0001
130EXP  -1  3.10029166000000E-0004  3.73904552834000E-0001  6.25785418000000E-0001
130EXP  -1  1.19565652000000E-0004  3.48980004348000E-0001  6.50900430000000E-0001
130EXP  -1  1.00000000000000E-0005  3.34641959000000E-0001  6.65348041000000E-0001
701LIN  0 1 255 255 255 0 1 ZPF:  750 MoTe2_solid(s)
130EXP   0  5.37719973000000E-0001  4.62270027000000E-0001  1.00000000000000E-0005
130EXP  -1  5.37370382000000E-0001  4.62186199806000E-0001  4.43418194000000E-0004
130EXP  -1  5.28477772000000E-0001  4.60053894100000E-0001  1.14683339000000E-0002
130EXP  -1  5.19283745000000E-0001  4.57849312300000E-0001  2.28669427000000E-0002
130EXP  -1  5.09776932000000E-0001  4.55569729400000E-0001  3.46533386000000E-0002
130EXP  -1  4.99945842000000E-0001  4.53212391300000E-0001  4.68417667000000E-0002
130EXP  -1  4.89778932000000E-0001  4.50774528100000E-0001  5.94465399000000E-0002
130EXP  -1  4.79264682000000E-0001  4.48253377300000E-0001  7.24819407000000E-0002
130EXP  -1  4.68391686000000E-0001  4.45646206600000E-0001  8.59621074000000E-0002
130EXP  -1  4.57148763000000E-0001  4.42950332300000E-0001  9.99009047000000E-0002
130EXP  -1  4.45525067000000E-0001  4.40163155000000E-0001  1.14311778000000E-0001
130EXP  -1  4.33510221000000E-0001  4.37282186000000E-0001  1.29207593000000E-0001
130EXP  -1  4.21094455000000E-0001  4.34305083000000E-0001  1.44600462000000E-0001
130EXP  -1  4.08268758000000E-0001  4.31229685000000E-0001  1.60501557000000E-0001
130EXP  -1  3.95025029000000E-0001  4.28054049000000E-0001  1.76920922000000E-0001
130EXP  -1  3.81356237000000E-0001  4.24776491000000E-0001  1.93867272000000E-0001
130EXP  -1  3.67256579000000E-0001  4.21395617000000E-0001  2.11347804000000E-0001
130EXP  -1  3.52721624000000E-0001  4.17910366000000E-0001  2.29368010000000E-0001
130EXP  -1  3.37748449000000E-0001  4.14320037000000E-0001  2.47931514000000E-0001
130EXP  -1  3.22335758000000E-0001  4.10624318000000E-0001  2.67039924000000E-0001
130EXP  -1  3.06483970000000E-0001  4.06823313000000E-0001  2.86692717000000E-0001
130EXP  -1  2.90195286000000E-0001  4.02917545000000E-0001  3.06887169000000E-0001
130EXP  -1  2.73473709000000E-0001  3.98907977000000E-0001  3.27618314000000E-0001
130EXP  -1  2.56325039000000E-0001  3.94795999000000E-0001  3.48878962000000E-0001
130EXP  -1  2.38756824000000E-0001  3.90583420000000E-0001  3.70659756000000E-0001
130EXP  -1  2.20778270000000E-0001  3.86272449000000E-0001  3.92949281000000E-0001
130EXP  -1  2.02400125000000E-0001  3.81865662000000E-0001  4.15734213000000E-0001
130EXP  -1  1.83634519000000E-0001  3.77365969000000E-0001  4.38999512000000E-0001
130EXP  -1  1.64494794000000E-0001  3.72776567000000E-0001  4.62728639000000E-0001
130EXP  -1  1.44995300000000E-0001  3.68100899000000E-0001  4.86903801000000E-0001
130EXP  -1  1.25151195000000E-0001  3.63342598000000E-0001  5.11506207000000E-0001
130EXP  -1  1.04978229000000E-0001  3.58505442000000E-0001  5.36516329000000E-0001
130EXP  -1  8.44925428000000E-0002  3.53593300200000E-0001  5.61914157000000E-0001
130EXP  -1  6.37104678000000E-0002  3.48610090200000E-0001  5.87679442000000E-0001
130EXP  -1  4.26483455000000E-0002  3.43559727500000E-0001  6.13791927000000E-0001
130EXP  -1  2.13223647000000E-0002  3.38446097300000E-0001  6.40231538000000E-0001
130EXP  -1  1.00000000000000E-0005  3.33335731000000E-0001  6.66654269000000E-0001
701LIN  0 1 255 255 255 0 1 ZPF:  750 WTe2_solid(s)
130EXP   0  5.37724973000000E-0001  4.62265027000000E-0001  1.00000000000000E-0005
130EXP  -1  5.37584610000000E-0001  4.61947572516000E-0001  4.67817484000000E-0004
130EXP  -1  5.34048175000000E-0001  4.53949348800000E-0001  1.20024762000000E-0002
130EXP  -1  5.30458354000000E-0001  4.45830381800000E-0001  2.37112642000000E-0002
130EXP  -1  5.26813972000000E-0001  4.37588015900000E-0001  3.55980121000000E-0002
130EXP  -1  5.23113821000000E-0001  4.29219522300000E-0001  4.76666567000000E-0002
130EXP  -1  5.19356662000000E-0001  4.20722093200000E-0001  5.99212448000000E-0002
130EXP  -1  5.15541218000000E-0001  4.12092845300000E-0001  7.23659367000000E-0002
130EXP  -1  5.11666179000000E-0001  4.03328811800000E-0001  8.50050092000000E-0002
130EXP  -1  5.07730196000000E-0001  3.94426944300000E-0001  9.78428597000000E-0002
130EXP  -1  5.03731882000000E-0001  3.85384108000000E-0001  1.10884010000000E-0001
130EXP  -1  4.99669814000000E-0001  3.76197076000000E-0001  1.24133110000000E-0001
130EXP  -1  4.95542523000000E-0001  3.66862536000000E-0001  1.37594941000000E-0001
130EXP  -1  4.91348503000000E-0001  3.57377075000000E-0001  1.51274422000000E-0001
130EXP  -1  4.87086202000000E-0001  3.47737187000000E-0001  1.65176611000000E-0001
130EXP  -1  4.82754026000000E-0001  3.37939263000000E-0001  1.79306711000000E-0001
130EXP  -1  4.78350332000000E-0001  3.27979593000000E-0001  1.93670075000000E-0001
130EXP  -1  4.73873434000000E-0001  3.17854357000000E-0001  2.08272209000000E-0001
130EXP  -1  4.69321594000000E-0001  3.07559630000000E-0001  2.23118776000000E-0001
130EXP  -1  4.64693027000000E-0001  2.97091368000000E-0001  2.38215605000000E-0001
130EXP  -1  4.59985893000000E-0001  2.86445417000000E-0001  2.53568690000000E-0001
130EXP  -1  4.55198302000000E-0001  2.75617500000000E-0001  2.69184198000000E-0001
130EXP  -1  4.50328309000000E-0001  2.64603216000000E-0001  2.85068475000000E-0001
130EXP  -1  4.45373912000000E-0001  2.53398040000000E-0001  3.01228048000000E-0001
130EXP  -1  4.40333053000000E-0001  2.41997315000000E-0001  3.17669632000000E-0001
130EXP  -1  4.35203613000000E-0001  2.30396250000000E-0001  3.34400137000000E-0001
130EXP  -1  4.29983414000000E-0001  2.18589918000000E-0001  3.51426668000000E-0001
130EXP  -1  4.24670214000000E-0001  2.06573252000000E-0001  3.68756534000000E-0001
130EXP  -1  4.19261710000000E-0001  1.94341036000000E-0001  3.86397254000000E-0001
130EXP  -1  4.13755529000000E-0001  1.81887912000000E-0001  4.04356559000000E-0001
130EXP  -1  4.08149236000000E-0001  1.69208364000000E-0001  4.22642400000000E-0001
130EXP  -1  4.02440323000000E-0001  1.56296727000000E-0001  4.41262950000000E-0001
130EXP  -1  3.96626215000000E-0001  1.43147174000000E-0001  4.60226611000000E-0001
130EXP  -1  3.90704264000000E-0001  1.29753715000000E-0001  4.79542021000000E-0001
130EXP  -1  3.84671748000000E-0001  1.16110198000000E-0001  4.99218054000000E-0001
130EXP  -1  3.78525874000000E-0001  1.02210300000000E-0001  5.19263826000000E-0001
130EXP  -1  3.72263769000000E-0001  8.80475290000000E-0002  5.39688702000000E-0001
130EXP  -1  3.65882486000000E-0001  7.36152170000000E-0002  5.60502297000000E-0001
130EXP  -1  3.59379000000000E-0001  5.89065220000000E-0002  5.81714478000000E-0001
130EXP  -1  3.52750206000000E-0001  4.39144230000000E-0002  6.03335371000000E-0001
130EXP  -1  3.45992919000000E-0001  2.86317190000000E-0002  6.25375362000000E-0001
130EXP  -1  3.39103877000000E-0001  1.30510249999999E-0002  6.47845098000000E-0001
130EXP  -1  3.33337755000000E-0001  1.00000000000100E-0005  6.66652245000000E-0001
701LIN  0 1 255 255 255 0 1 ZPF:  750 Mo_solid(s)
130EXP   0  9.93686388000000E-0001  6.30361200000007E-0003  1.00000000000000E-0005
130EXP  -1  9.93680120000000E-0001  6.30358024350008E-0003  1.62997565000000E-0005
130EXP  -1  9.93520021000000E-0001  6.30202299200000E-0003  1.77956008000000E-0004
130EXP  -1  9.93351541000000E-0001  6.30041486099997E-0003  3.48044139000000E-0004
130EXP  -1  9.93174038000000E-0001  6.29872064799997E-0003  5.27241352000000E-0004
130EXP  -1  9.92986767000000E-0001  6.29693350299998E-0003  7.16299497000000E-0004
130EXP  -1  9.92788900000000E-0001  6.29504453500007E-0003  9.16055465000000E-0004
130EXP  -1  9.92579511000000E-0001  6.29304540999998E-0003  1.12744359000000E-0003
130EXP  -1  9.92357563000000E-0001  6.29092675999998E-0003  1.35151024000000E-0003
130EXP  -1  9.92121892000000E-0001  6.28867684000001E-0003  1.58943116000000E-0003
130EXP  -1  9.91871184000000E-0001  6.28628393000008E-0003  1.84253207000000E-0003
130EXP  -1  9.91603954000000E-0001  6.28373268000004E-0003  2.11231332000000E-0003
130EXP  -1  9.91318512000000E-0001  6.28100828000000E-0003  2.40047972000000E-0003
130EXP  -1  9.91012932000000E-0001  6.27809154000003E-0003  2.70897646000000E-0003
130EXP  -1  9.90685006000000E-0001  6.27496093000002E-0003  3.04003307000000E-0003
130EXP  -1  9.90332190000000E-0001  6.27159271000011E-0003  3.39621729000000E-0003
130EXP  -1  9.89951539000000E-0001  6.26795930000001E-0003  3.78050170000000E-0003
130EXP  -1  9.89539626000000E-0001  6.26402733999998E-0003  4.19634666000000E-0003
130EXP  -1  9.89092437000000E-0001  6.25975838999993E-0003  4.64780461000000E-0003
130EXP  -1  9.88605240000000E-0001  6.25510785999994E-0003  5.13965214000000E-0003
130EXP  -1  9.88072419000000E-0001  6.25002191000001E-0003  5.67755909000000E-0003
130EXP  -1  9.87487257000000E-0001  6.24443577000000E-0003  6.26830723000000E-0003
130EXP  -1  9.86841651000000E-0001  6.23827267999999E-0003  6.92007632000000E-0003
130EXP  -1  9.86125738000000E-0001  6.23143910000001E-0003  7.64282290000000E-0003
130EXP  -1  9.85327393000000E-0001  6.22381811999995E-0003  8.44878888000000E-0003
130EXP  -1  9.84431540000000E-0001  6.21526553999996E-0003  9.35319446000000E-0003
130EXP  -1  9.83419200000000E-0001  6.20560230000000E-0003  1.03751977000000E-0002
130EXP  -1  9.82266158000000E-0001  6.19459450000004E-0003  1.15392475000000E-0002
130EXP  -1  9.80941026000000E-0001  6.18194510000003E-0003  1.28770289000000E-0002
130EXP  -1  9.79402421000000E-0001  6.16725680000008E-0003  1.44303222000000E-0002
130EXP  -1  9.77594697000000E-0001  6.14999949999995E-0003  1.62553035000000E-0002
130EXP  -1  9.75441374000000E-0001  6.12944280000005E-0003  1.84291832000000E-0002
130EXP  -1  9.72834721000000E-0001  6.10455639999996E-0003  2.10607226000000E-0002
130EXP  -1  9.69618829000000E-0001  6.07385360000001E-0003  2.43073174000000E-0002
130EXP  -1  9.65561649000000E-0001  6.03511870000006E-0003  2.84032323000000E-0002
130EXP  -1  9.60309095000000E-0001  5.98497260000008E-0003  3.37059324000000E-0002
130EXP  -1  9.53315854000000E-0001  5.91821960000005E-0003  4.07659264000000E-0002
130EXP  -1  9.43776901000000E-0001  5.82719229999995E-0003  5.03959067000000E-0002
130EXP  -1  9.30716343000000E-0001  5.70251060000004E-0003  6.35811464000000E-0002
130EXP  -1  9.13575217000000E-0001  5.53888650000001E-0003  8.08858965000000E-0002
130EXP  -1  8.92971511000000E-0001  5.34220599999990E-0003  1.01686283000000E-0001
130EXP  -1  8.70239565000000E-0001  5.12520999999999E-0003  1.24635225000000E-0001
130EXP  -1  8.46422138000000E-0001  4.89785399999998E-0003  1.48680008000000E-0001
130EXP  -1  8.22072713000000E-0001  4.66541799999998E-0003  1.73261869000000E-0001
130EXP  -1  7.97453289000000E-0001  4.43040600000000E-0003  1.98116305000000E-0001
130EXP  -1  7.72688808000000E-0001  4.19400900000000E-0003  2.23117183000000E-0001
130EXP  -1  7.47841788000000E-0001  3.95682300000000E-0003  2.48201389000000E-0001
130EXP  -1  7.22945314000000E-0001  3.71916600000000E-0003  2.73335520000000E-0001
130EXP  -1  6.98017856000000E-0001  3.48121300000004E-0003  2.98500931000000E-0001
130EXP  -1  6.73070226000000E-0001  3.24306699999999E-0003  3.23686707000000E-0001
130EXP  -1  6.48109022000000E-0001  3.00479200000003E-0003  3.48886186000000E-0001
130EXP  -1  6.23138419000000E-0001  2.76642799999993E-0003  3.74095153000000E-0001
130EXP  -1  5.98161147000000E-0001  2.52799800000003E-0003  3.99310855000000E-0001
130EXP  -1  5.73179035000000E-0001  2.28952399999993E-0003  4.24531441000000E-0001
130EXP  -1  5.48193345000000E-0001  2.05101499999993E-0003  4.49755640000000E-0001
130EXP  -1  5.23204962000000E-0001  1.81248099999998E-0003  4.74982557000000E-0001
130EXP  -1  4.98214524000000E-0001  1.57392600000005E-0003  5.00211550000000E-0001
130EXP  -1  4.73222494000000E-0001  1.33535700000003E-0003  5.25442149000000E-0001
130EXP  -1  4.48229215000000E-0001  1.09677499999993E-0003  5.50674010000000E-0001
130EXP  -1  4.23234946000000E-0001  8.58185000000011E-0004  5.75906869000000E-0001
130EXP  -1  3.98239884000000E-0001  6.19586999999977E-0004  6.01140529000000E-0001
130EXP  -1  3.73244181000000E-0001  3.80982000000030E-0004  6.26374837000000E-0001
130EXP  -1  3.48247955000000E-0001  1.42372000000057E-0004  6.51609673000000E-0001
130EXP  -1  3.34380912000000E-0001  1.00000000000655E-0005  6.65609088000000E-0001
701LIN  0 1 255 255 255 0 1 ZPF:  750 LIQUsoln
130EXP   0  3.33323334000000E-0001  9.99999999995449E-0006  6.66666666000000E-0001
130EXP  -1  3.19255466000000E-0001  1.40778470000000E-0002  6.66666687000000E-0001
130EXP  -1  3.12070631000000E-0001  2.12627060000000E-0002  6.66666663000000E-0001
130EXP  -1  3.04784568000000E-0001  2.85487510000000E-0002  6.66666681000000E-0001
130EXP  -1  2.89907607000000E-0001  4.34257909999999E-0002  6.66666602000000E-0001
130EXP  -1  2.74623199000000E-0001  5.87101600000001E-0002  6.66666641000000E-0001
130EXP  -1  2.58931343000000E-0001  7.44019750000000E-0002  6.66666682000000E-0001
130EXP  -1  2.42833406000000E-0001  9.04999230000000E-0002  6.66666671000000E-0001
130EXP  -1  2.26332089000000E-0001  1.07001212000000E-0001  6.66666699000000E-0001
130EXP  -1  2.09431644000000E-0001  1.23901670000000E-0001  6.66666686000000E-0001
130EXP  -1  1.92137679000000E-0001  1.41195667000000E-0001  6.66666654000000E-0001
130EXP  -1  1.74457159000000E-0001  1.58876199000000E-0001  6.66666642000000E-0001
130EXP  -1  1.56398364000000E-0001  1.76934973000000E-0001  6.66666663000000E-0001
130EXP  -1  1.37970828000000E-0001  1.95362534000000E-0001  6.66666638000000E-0001
130EXP  -1  1.19185064000000E-0001  2.14148266000000E-0001  6.66666670000000E-0001
130EXP  -1  1.00052643000000E-0001  2.33280688000000E-0001  6.66666669000000E-0001
130EXP  -1  8.05858782000000E-0002  2.52747466800000E-0001  6.66666655000000E-0001
130EXP  -1  6.07977354000000E-0002  2.72535618600000E-0001  6.66666646000000E-0001
130EXP  -1  4.07016720000000E-0002  2.92631658000000E-0001  6.66666670000000E-0001
130EXP  -1  2.03115175000000E-0002  3.13021784500000E-0001  6.66666698000000E-0001
130EXP  -1  1.00000000000000E-0005  3.33323334000000E-0001  6.66666666000000E-0001
701LIN  0 1 255 255 255 0 1 ZPF:  750 BCC1soln
130EXP   0  3.33323334000000E-0001  9.99999999995449E-0006  6.66666666000000E-0001
130EXP  -1  3.19255454000000E-0001  1.40778419999999E-0002  6.66666704000000E-0001
130EXP  -1  3.12070635000000E-0001  2.12627080000000E-0002  6.66666657000000E-0001
130EXP  -1  3.04784569000000E-0001  2.85487500000000E-0002  6.66666681000000E-0001
130EXP  -1  2.89907567000000E-0001  4.34257720000000E-0002  6.66666661000000E-0001
130EXP  -1  2.74623191000000E-0001  5.87101580000000E-0002  6.66666651000000E-0001
130EXP  -1  2.58931361000000E-0001  7.44019849999999E-0002  6.66666654000000E-0001
130EXP  -1  2.42833400000000E-0001  9.04999200000000E-0002  6.66666680000000E-0001
130EXP  -1  2.26332117000000E-0001  1.07001228000000E-0001  6.66666655000000E-0001
130EXP  -1  2.09431659000000E-0001  1.23901679000000E-0001  6.66666662000000E-0001
130EXP  -1  1.92137685000000E-0001  1.41195670000000E-0001  6.66666645000000E-0001
130EXP  -1  1.74457144000000E-0001  1.58876188000000E-0001  6.66666668000000E-0001
130EXP  -1  1.56398371000000E-0001  1.76934977000000E-0001  6.66666652000000E-0001
130EXP  -1  1.37970807000000E-0001  1.95362517000000E-0001  6.66666676000000E-0001
130EXP  -1  1.19185075000000E-0001  2.14148274000000E-0001  6.66666651000000E-0001
130EXP  -1  1.00052645000000E-0001  2.33280689000000E-0001  6.66666666000000E-0001
130EXP  -1  8.05858759000000E-0002  2.52747465100000E-0001  6.66666659000000E-0001
130EXP  -1  6.07977125000000E-0002  2.72535597500000E-0001  6.66666690000000E-0001
130EXP  -1  4.07016772000000E-0002  2.92631664800000E-0001  6.66666658000000E-0001
130EXP  -1  2.03115431000000E-0002  3.13021812900000E-0001  6.66666644000000E-0001
130EXP  -1  1.00000000000000E-0005  3.33323334000000E-0001  6.66666666000000E-0001
001CMT   DEL/FIN activated
001CMT   000DEB Date/Time
300COL 128 127 126 (blue, green & red levels from 0-255)
101FNT   9 Arial
001ALI RIGHT
241LAB     -1130 1  1.02000000000000E+0000  7.00000000000000E-0002 1.00000 0.00000 // 2021-08-29  4 secs
241LAB     1130 0  1.02000000000000E+0000  7.00000000000000E-0002 1.00000 0.00000 2021-08-29  4 secs
001CMT   000FIN Date/Time
001CMT   000DEB Finished calculate
300COL   0   0 128 (blue, green & red levels from 0-255)
101FNT  12 Arial
400FNT  0 0 0 0   (bold, italic, underline, strikeout [0 = false])
001ALI CENTER
251LAB     1120 0  4.81111527197486E-0003  9.47668516438087E-0001  4.75203682899385E-0002 1.00000 0.00000 BCC1soln + WTe{2}
251LAB     1120 0  6.03255642325158E-0002  1.02142773439297E-0001  8.37531662328187E-0001 1.00000 0.00000 LIQUsoln + MoTe{2} + WTe{2}
251LAB     1120 0  2.77942204157836E-0001  1.38001120143304E-0001  5.84056675698860E-0001 1.00000 0.00000 BCC1soln + MoTe{2} + WTe{2}
251LAB     1120 0  2.00221975613079E-0001  6.06842715897164E-0001  1.92935308489757E-0001 1.00000 0.00000 BCC1soln + WTe{2}
251LAB     1120 0  6.24352365671612E-0001  1.89833076423453E-0001  1.85814557904935E-0001 1.00000 0.00000 BCC1soln + MoTe{2}
251LAB     1120 0  9.01924610474316E-0001  2.82473179987876E-0003  9.52506577258049E-0002 1.00000 0.00000 BCC1soln + Mo + MoTe{2}
000END
&/
