001FIL @/POTCOMP.FIG
001DAT 8/28/2021
001TIM  0: 0: 0
300COL 255   0   0 (blue, green & red levels from 0-255)
101FNT  20 Arial
400FNT  1 0 0 0   (bold, italic, underline, strikeout [0 = false])
001SYS W - Te - Mo
300COL 255   0   0 (blue, green & red levels from 0-255)
101FNT  14 Arial
400FNT  1 1 0 0   (bold, italic, underline, strikeout [0 = false])
001SY2 750}o{C, 1 atm
100TRN 1
200TRN 1  1
001ACT 
001BCT 
001CCT 
300COL   0   0   0 (blue, green & red levels from 0-255)
101FNT  12 Arial
400FNT  0 0 0 0   (bold, italic, underline, strikeout [0 = false])
010XIN  1.00000000000000E-0001
100XSB 10
100XGP 1
300COL   0   0   0 (blue, green & red levels from 0-255)
210PEN   4   0  4.00000000000000E-0001 (width  mode  style)
100XLG  2.17000000000000E+0002 mm
001XFM #.#####;;0
300COL 192 192 192 (blue, green & red levels from 0-255)
210PEN   4   2  1.00000000000000E-0001 (width  mode  style)
110XGD 0  1.00000000000000E-0001
300COL   0   0   0 (blue, green & red levels from 0-255)
101FNT  12 Arial
400FNT  0 0 0 0   (bold, italic, underline, strikeout [0 = false])
010YIN  1.00000000000000E-0001
100YSB 10
100YGP 1
300COL   0   0   0 (blue, green & red levels from 0-255)
210PEN   4   0  4.00000000000000E-0001 (width  mode  style)
100YLG  1.50000000000000E+0002 mm
001YFM #.#####;;0
300COL 192 192 192 (blue, green & red levels from 0-255)
210PEN   4   2  1.00000000000000E-0001 (width  mode  style)
110YGD 0  1.00000000000000E-0001
010AAB 150 mm
010ABC 150 mm
010ACA 150 mm
040LIM  0.00000000000000E+0000  1.00000000000000E+0000  0.00000000000000E+0000  1.00000000000000E+0000
001CMD NOTOP
001CMD NOBOTTOM
001CMD NOLEFT
001CMD NORIGHT
001CMD NODATE
001CMD NOFILENAME
101LGO 1 C:\FactSageEdu\FactHelp\L_Blue.bmp
100TFM 0
100FST 0
200TRP 0 0 (Marks inside = 0 or outisde <> 0;  Reference absolute = 0 or relative to X(i)min <> 0
300COL   0 128   0 (blue, green & red levels from 0-255)
101FNT   7 Arial
400FNT  0 0 0 0   (bold, italic, underline, strikeout [0 = false])
550TFA 1 1 1 2 7  0.00000000000000E+0000  1.00000000000000E+0000  2.50000000000000E-0002  1.00000000000000E-0001  1.00000000000000E-0001
300COL   0 128   0 (blue, green & red levels from 0-255)
101FNT   7 Arial
400FNT  0 0 0 0   (bold, italic, underline, strikeout [0 = false])
550TFB 1 1 1 2 7  0.00000000000000E+0000  1.00000000000000E+0000  2.50000000000000E-0002  1.00000000000000E-0001  1.00000000000000E-0001
300COL   0 128   0 (blue, green & red levels from 0-255)
101FNT   7 Arial
400FNT  0 0 0 0   (bold, italic, underline, strikeout [0 = false])
550TFC 1 1 1 2 7  0.00000000000000E+0000  1.00000000000000E+0000  2.50000000000000E-0002  1.00000000000000E-0001  1.00000000000000E-0001
101FNT 10 Arial
400FNT  0  0  0  0
300COL   0   0   0 (blue, green & red levels from 0-255)
101FNT  10 Arial
400FNT  0 0 0 0   (bold, italic, underline, strikeout [0 = false])
001ALI CENTER
210PEN   4   0  3.00000000000000E-0001 (mode  style width)
300COL 192   0   0 (blue, green & red levels from 0-255)
101FNT  22 Arial
400FNT  1 1 0 0   (bold, italic, underline, strikeout [0 = false])
041LAB      5.00000000000000E-0001  9.80000000000000E-0001 1.00000 0.00000 W
041LAB      1.18500000000000E-0001  3.00000000000000E-0002 1.00000 0.00000 Mo
041LAB      8.81500000000000E-0001  3.00000000000000E-0002 1.00000 0.00000 Te
300COL 128   0 128 (blue, green & red levels from 0-255)
101FNT  14 Arial
400FNT  0 1 0 0   (bold, italic, underline, strikeout [0 = false])
041LAB      5.00000000000000E-0001  1.00000000000000E-0003 1.00000 0.00000 mole fraction
300COL   0   0   0 (blue, green & red levels from 0-255)
210PEN   4   0  2.00000002980232E-0001 (mode  style width)
701LIN  0 1 255 255 255 0 1 ZPF:  750 Mo_solid(s)
130EXP   0  6.30361167000000E-0003  9.93686388330000E-0001  1.00000000000000E-0005
130EXP  -1  6.29416095000000E-0003  9.92702197490000E-0001  1.00364156000000E-0003
130EXP  -1  6.05927234000000E-0003  9.68089929860000E-0001  2.58507978000000E-0002
130EXP  -1  5.82421760000000E-0003  9.43466077500000E-0001  5.07097049000000E-0002
130EXP  -1  5.58905153000000E-0003  9.18830576870000E-0001  7.55803716000000E-0002
130EXP  -1  5.35377420000000E-0003  8.94183419800000E-0001  1.00462806000000E-0001
130EXP  -1  5.11838551000000E-0003  8.69524597490000E-0001  1.25357017000000E-0001
130EXP  -1  4.88288539000000E-0003  8.44854101610000E-0001  1.50263013000000E-0001
130EXP  -1  4.64727376000000E-0003  8.20171924240000E-0001  1.75180802000000E-0001
130EXP  -1  4.41155054000000E-0003  7.95478057460000E-0001  2.00110392000000E-0001
130EXP  -1  4.17571565000000E-0003  7.70772492350000E-0001  2.25051792000000E-0001
130EXP  -1  3.93976901000000E-0003  7.46055220990000E-0001  2.50005010000000E-0001
130EXP  -1  3.70371055000000E-0003  7.21326234450000E-0001  2.74970055000000E-0001
130EXP  -1  3.46754018000000E-0003  6.96585524820000E-0001  2.99946935000000E-0001
130EXP  -1  3.23125782000000E-0003  6.71833084180000E-0001  3.24935658000000E-0001
130EXP  -1  2.99486340000000E-0003  6.47068902600000E-0001  3.49936234000000E-0001
130EXP  -1  2.75835683000000E-0003  6.22292974170000E-0001  3.74948669000000E-0001
130EXP  -1  2.52173804000000E-0003  5.97505288960000E-0001  3.99972973000000E-0001
130EXP  -1  2.28500694000000E-0003  5.72705838060000E-0001  4.25009155000000E-0001
130EXP  -1  2.04816346000000E-0003  5.47894614540000E-0001  4.50057222000000E-0001
130EXP  -1  1.81120751000000E-0003  5.23071609490000E-0001  4.75117183000000E-0001
130EXP  -1  1.57413901000000E-0003  4.98236813990000E-0001  5.00189047000000E-0001
130EXP  -1  1.33695789000000E-0003  4.73390220110000E-0001  5.25272822000000E-0001
130EXP  -1  1.09966406000000E-0003  4.48531819940000E-0001  5.50368516000000E-0001
130EXP  -1  8.62257450000000E-0004  4.23661604550000E-0001  5.75476138000000E-0001
130EXP  -1  6.24737970000000E-0004  3.98779565030000E-0001  6.00595697000000E-0001
130EXP  -1  3.87105542000000E-0004  3.73885693458000E-0001  6.25727201000000E-0001
130EXP  -1  1.49360086000000E-0004  3.48979980914000E-0001  6.50870659000000E-0001
130EXP  -1  1.00000000000000E-0005  3.34380912000000E-0001  6.65609088000000E-0001
701LIN  0 1 255 255 255 0 1 ZPF:  750 WTe2_solid(s)
130EXP   0  4.62265027000000E-0001  5.37724973000000E-0001  1.00000000000000E-0005
130EXP  -1  4.61915519000000E-0001  5.37570352320000E-0001  5.14128680000000E-0004
130EXP  -1  4.53045364000000E-0001  5.33648476900000E-0001  1.33061591000000E-0002
130EXP  -1  4.43917560000000E-0001  5.29612594500000E-0001  2.64698455000000E-0002
130EXP  -1  4.34523676000000E-0001  5.25459065100000E-0001  4.00172589000000E-0002
130EXP  -1  4.24855246000000E-0001  5.21184145600000E-0001  5.39606084000000E-0002
130EXP  -1  4.14903752000000E-0001  5.16784066600000E-0001  6.83121814000000E-0002
130EXP  -1  4.04660657000000E-0001  5.12255057300000E-0001  8.30842857000000E-0002
130EXP  -1  3.94117460000000E-0001  5.07593355900000E-0001  9.82891841000000E-0002
130EXP  -1  3.83265740000000E-0001  5.02795241000000E-0001  1.13939019000000E-0001
130EXP  -1  3.72097219000000E-0001  4.97857051000000E-0001  1.30045730000000E-0001
130EXP  -1  3.60603821000000E-0001  4.92775217000000E-0001  1.46620962000000E-0001
130EXP  -1  3.48777747000000E-0001  4.87546289000000E-0001  1.63675964000000E-0001
130EXP  -1  3.36611545000000E-0001  4.82166972000000E-0001  1.81221483000000E-0001
130EXP  -1  3.24098191000000E-0001  4.76634160000000E-0001  1.99267649000000E-0001
130EXP  -1  3.11231172000000E-0001  4.70944976000000E-0001  2.17823852000000E-0001
130EXP  -1  2.98004573000000E-0001  4.65096802000000E-0001  2.36898625000000E-0001
130EXP  -1  2.84413160000000E-0001  4.59087325000000E-0001  2.56499515000000E-0001
130EXP  -1  2.70452468000000E-0001  4.52914570000000E-0001  2.76632962000000E-0001
130EXP  -1  2.56118883000000E-0001  4.46576939000000E-0001  2.97304178000000E-0001
130EXP  -1  2.41409715000000E-0001  4.40073244000000E-0001  3.18517041000000E-0001
130EXP  -1  2.26323272000000E-0001  4.33402735000000E-0001  3.40273993000000E-0001
130EXP  -1  2.10858915000000E-0001  4.26565130000000E-0001  3.62575955000000E-0001
130EXP  -1  1.95017105000000E-0001  4.19560636000000E-0001  3.85422259000000E-0001
130EXP  -1  1.78799438000000E-0001  4.12389953000000E-0001  4.08810609000000E-0001
130EXP  -1  1.62208654000000E-0001  4.05054297000000E-0001  4.32737049000000E-0001
130EXP  -1  1.45248641000000E-0001  3.97555384000000E-0001  4.57195975000000E-0001
130EXP  -1  1.27924409000000E-0001  3.89895435000000E-0001  4.82180156000000E-0001
130EXP  -1  1.10242051000000E-0001  3.82077153000000E-0001  5.07680796000000E-0001
130EXP  -1  9.22087272000000E-0002  3.74103652800000E-0001  5.33687620000000E-0001
130EXP  -1  7.38324959000000E-0002  3.65978556100000E-0001  5.60188948000000E-0001
130EXP  -1  5.51223333000000E-0002  3.57705810700000E-0001  5.87171856000000E-0001
130EXP  -1  3.60879812000000E-0002  3.49289724800000E-0001  6.14622294000000E-0001
130EXP  -1  1.67398521000000E-0002  3.40734900900000E-0001  6.42525247000000E-0001
130EXP  -1  1.00000000000000E-0005  3.33337755000000E-0001  6.66652245000000E-0001
701LIN  0 1 255 255 255 0 1 ZPF:  750 MoTe2_solid(s)
130EXP   0  4.62270027000000E-0001  5.37719973000000E-0001  1.00000000000000E-0005
130EXP  -1  4.62166558000000E-0001  5.37288515241000E-0001  5.44926759000000E-0004
130EXP  -1  4.59567227000000E-0001  5.26448170600000E-0001  1.39846024000000E-0002
130EXP  -1  4.56942918000000E-0001  5.15503699800000E-0001  2.75533822000000E-0002
130EXP  -1  4.54293283000000E-0001  5.04453616400000E-0001  4.12531006000000E-0002
130EXP  -1  4.51617963000000E-0001  4.93296411300000E-0001  5.50856257000000E-0002
130EXP  -1  4.48916589000000E-0001  4.82030551000000E-0001  6.90528600000000E-0002
130EXP  -1  4.46188786000000E-0001  4.70654472600000E-0001  8.31567414000000E-0002
130EXP  -1  4.43434173000000E-0001  4.59166582900000E-0001  9.73992441000000E-0002
130EXP  -1  4.40652361000000E-0001  4.47565260000000E-0001  1.11782379000000E-0001
130EXP  -1  4.37842953000000E-0001  4.35848852000000E-0001  1.26308195000000E-0001
130EXP  -1  4.35005545000000E-0001  4.24015675000000E-0001  1.40978780000000E-0001
130EXP  -1  4.32139727000000E-0001  4.12064012000000E-0001  1.55796261000000E-0001
130EXP  -1  4.29245078000000E-0001  3.99992117000000E-0001  1.70762805000000E-0001
130EXP  -1  4.26321172000000E-0001  3.87798207000000E-0001  1.85880621000000E-0001
130EXP  -1  4.23367574000000E-0001  3.75480466000000E-0001  2.01151960000000E-0001
130EXP  -1  4.20383840000000E-0001  3.63037043000000E-0001  2.16579117000000E-0001
130EXP  -1  4.17369517000000E-0001  3.50466054000000E-0001  2.32164429000000E-0001
130EXP  -1  4.14324144000000E-0001  3.37765576000000E-0001  2.47910280000000E-0001
130EXP  -1  4.11247252000000E-0001  3.24933648000000E-0001  2.63819100000000E-0001
130EXP  -1  4.08138361000000E-0001  3.11968273000000E-0001  2.79893366000000E-0001
130EXP  -1  4.04996983000000E-0001  2.98867414000000E-0001  2.96135603000000E-0001
130EXP  -1  4.01822621000000E-0001  2.85628992000000E-0001  3.12548387000000E-0001
130EXP  -1  3.98614765000000E-0001  2.72250893000000E-0001  3.29134342000000E-0001
130EXP  -1  3.95372899000000E-0001  2.58730954000000E-0001  3.45896147000000E-0001
130EXP  -1  3.92096495000000E-0001  2.45066975000000E-0001  3.62836530000000E-0001
130EXP  -1  3.88785013000000E-0001  2.31256711000000E-0001  3.79958276000000E-0001
130EXP  -1  3.85437905000000E-0001  2.17297870000000E-0001  3.97264225000000E-0001
130EXP  -1  3.82054610000000E-0001  2.03188116000000E-0001  4.14757274000000E-0001
130EXP  -1  3.78634558000000E-0001  1.88925067000000E-0001  4.32440375000000E-0001
130EXP  -1  3.75177165000000E-0001  1.74506291000000E-0001  4.50316544000000E-0001
130EXP  -1  3.71681837000000E-0001  1.59929309000000E-0001  4.68388854000000E-0001
130EXP  -1  3.68147967000000E-0001  1.45191591000000E-0001  4.86660442000000E-0001
130EXP  -1  3.64574936000000E-0001  1.30290556000000E-0001  5.05134508000000E-0001
130EXP  -1  3.60962112000000E-0001  1.15223573000000E-0001  5.23814315000000E-0001
130EXP  -1  3.57308853000000E-0001  9.99879500000000E-0002  5.42703197000000E-0001
130EXP  -1  3.53614499000000E-0001  8.45809490000000E-0002  5.61804552000000E-0001
130EXP  -1  3.49878381000000E-0001  6.89997710000000E-0002  5.81121848000000E-0001
130EXP  -1  3.46099812000000E-0001  5.32415610000000E-0002  6.00658627000000E-0001
130EXP  -1  3.42278096000000E-0001  3.73034030000001E-0002  6.20418501000000E-0001
130EXP  -1  3.38412518000000E-0001  2.11823240000000E-0002  6.40405158000000E-0001
130EXP  -1  3.34502350000000E-0001  4.87528899999995E-0003  6.60622361000000E-0001
130EXP  -1  3.33335731000000E-0001  9.99999999995449E-0006  6.66654269000000E-0001
701LIN  0 1 255 255 255 0 1 ZPF:  750 W_solid(s)
130EXP   0  9.94934308000000E-0001  5.05569200000000E-0003  1.00000000000000E-0005
130EXP  -1  9.94929273000000E-0001  5.05567633610005E-0003  1.50506639000000E-0005
130EXP  -1  9.94800669000000E-0001  5.05467016900008E-0003  1.44660831000000E-0004
130EXP  -1  9.94665318000000E-0001  5.05363700499994E-0003  2.81044995000000E-0004
130EXP  -1  9.94522705000000E-0001  5.05254665500010E-0003  4.24748345000000E-0004
130EXP  -1  9.94372227000000E-0001  5.05139669699994E-0003  5.76376303000000E-0004
130EXP  -1  9.94213215000000E-0001  5.05018207999997E-0003  7.36602920000000E-0004
130EXP  -1  9.94044923000000E-0001  5.04889608299997E-0003  9.06180917000000E-0004
130EXP  -1  9.93866514000000E-0001  5.04753250000001E-0003  1.08595350000000E-0003
130EXP  -1  9.93677047000000E-0001  5.04608462000000E-0003  1.27686838000000E-0003
130EXP  -1  9.93475461000000E-0001  5.04454453000003E-0003  1.47999447000000E-0003
130EXP  -1  9.93260556000000E-0001  5.04290209000002E-0003  1.69654191000000E-0003
130EXP  -1  9.93030966000000E-0001  5.04114785000009E-0003  1.92788615000000E-0003
130EXP  -1  9.92785134000000E-0001  5.03926878999994E-0003  2.17559721000000E-0003
130EXP  -1  9.92521272000000E-0001  5.03725268999999E-0003  2.44147531000000E-0003
130EXP  -1  9.92237323000000E-0001  5.03508237999994E-0003  2.72759462000000E-0003
130EXP  -1  9.91930901000000E-0001  5.03274151999999E-0003  3.03635748000000E-0003
130EXP  -1  9.91599231000000E-0001  5.03020714000002E-0003  3.37056186000000E-0003
130EXP  -1  9.91239059000000E-0001  5.02745471999999E-0003  3.73348628000000E-0003
130EXP  -1  9.90846547000000E-0001  5.02445544000008E-0003  4.12899756000000E-0003
130EXP  -1  9.90417138000000E-0001  5.02117326000007E-0003  4.56168874000000E-0003
130EXP  -1  9.89945374000000E-0001  5.01756808999998E-0003  5.03705791000000E-0003
130EXP  -1  9.89424668000000E-0001  5.01358975000010E-0003  5.56174225000000E-0003
130EXP  -1  9.88846996000000E-0001  5.00917530000000E-0003  6.14382870000000E-0003
130EXP  -1  9.88202478000000E-0001  5.00425021999995E-0003  6.79327178000000E-0003
130EXP  -1  9.87478816000000E-0001  4.99871966999998E-0003  7.52246433000000E-0003
130EXP  -1  9.86660503000000E-0001  4.99246683999999E-0003  8.34703016000000E-0003
130EXP  -1  9.85727716000000E-0001  4.98533818000002E-0003  9.28694582000000E-0003
130EXP  -1  9.84654701000000E-0001  4.97713810000000E-0003  1.03681609000000E-0002
130EXP  -1  9.83407400000000E-0001  4.96760669999996E-0003  1.16249933000000E-0002
130EXP  -1  9.81939847000000E-0001  4.95639129999992E-0003  1.31037617000000E-0002
130EXP  -1  9.80188541000000E-0001  4.94300700000005E-0003  1.48684520000000E-0002
130EXP  -1  9.78063397000000E-0001  4.92676619999999E-0003  1.70098368000000E-0002
130EXP  -1  9.75432700000000E-0001  4.90666129999995E-0003  1.96606387000000E-0002
130EXP  -1  9.72097281000000E-0001  4.88117010000000E-0003  2.30215489000000E-0002
130EXP  -1  9.67745269000000E-0001  4.84791269999996E-0003  2.74068183000000E-0002
130EXP  -1  9.61874192000000E-0001  4.80306539999997E-0003  3.33227426000000E-0002
130EXP  -1  9.53678082000000E-0001  4.74042840000000E-0003  4.15814896000000E-0002
130EXP  -1  9.42005940000000E-0001  4.65123499999998E-0003  5.33428250000000E-0002
130EXP  -1  9.25869821000000E-0001  4.52792899999999E-0003  6.96022500000000E-0002
130EXP  -1  9.05651988000000E-0001  4.37343300000004E-0003  8.99745790000000E-0002
130EXP  -1  8.82944978000000E-0001  4.19991499999994E-0003  1.12855107000000E-0001
130EXP  -1  8.59055001000000E-0001  4.01735600000008E-0003  1.36927643000000E-0001
130EXP  -1  8.34630350000000E-0001  3.83071200000007E-0003  1.61538938000000E-0001
130EXP  -1  8.09952063000000E-0001  3.64213199999996E-0003  1.86405805000000E-0001
130EXP  -1  7.85144442000000E-0001  3.45256199999999E-0003  2.11402996000000E-0001
130EXP  -1  7.60266131000000E-0001  3.26245100000000E-0003  2.36471418000000E-0001
130EXP  -1  7.35346784000000E-0001  3.07202799999995E-0003  2.61581188000000E-0001
130EXP  -1  7.10402371000000E-0001  2.88141200000003E-0003  2.86716217000000E-0001
130EXP  -1  6.85441975000000E-0001  2.69067499999998E-0003  3.11867350000000E-0001
130EXP  -1  6.60471009000000E-0001  2.49985699999999E-0003  3.37029134000000E-0001
130EXP  -1  6.35492831000000E-0001  2.30898300000004E-0003  3.62198186000000E-0001
130EXP  -1  6.10509599000000E-0001  2.11807099999994E-0003  3.87372330000000E-0001
130EXP  -1  5.85522739000000E-0001  1.92713200000005E-0003  4.12550129000000E-0001
130EXP  -1  5.60533224000000E-0001  1.73617099999990E-0003  4.37730605000000E-0001
130EXP  -1  5.35541726000000E-0001  1.54519699999988E-0003  4.62913077000000E-0001
130EXP  -1  5.10548727000000E-0001  1.35421000000002E-0003  4.88097063000000E-0001
130EXP  -1  4.85554572000000E-0001  1.16321400000002E-0003  5.13282214000000E-0001
130EXP  -1  4.60559517000000E-0001  9.72211999999972E-0004  5.38468271000000E-0001
130EXP  -1  4.35563752000000E-0001  7.81203999999980E-0004  5.63655044000000E-0001
130EXP  -1  4.10567421000000E-0001  5.90191999999989E-0004  5.88842387000000E-0001
130EXP  -1  3.85570634000000E-0001  3.99177000000028E-0004  6.14030189000000E-0001
130EXP  -1  3.60573477000000E-0001  2.08158000000069E-0004  6.39218365000000E-0001
130EXP  -1  3.35576017000000E-0001  1.71379999999721E-0005  6.64406845000000E-0001
130EXP  -1  3.34641959000000E-0001  1.00000000000100E-0005  6.65348041000000E-0001
701LIN  0 1 255 255 255 0 1 ZPF:  750 BCC1soln
130EXP   0  3.33323334000000E-0001  9.99999999995449E-0006  6.66666666000000E-0001
130EXP  -1  3.19255466000000E-0001  1.40778470000000E-0002  6.66666687000000E-0001
130EXP  -1  3.12070631000000E-0001  2.12627060000000E-0002  6.66666663000000E-0001
130EXP  -1  3.04784568000000E-0001  2.85487510000000E-0002  6.66666681000000E-0001
130EXP  -1  2.89907607000000E-0001  4.34257909999999E-0002  6.66666602000000E-0001
130EXP  -1  2.74623199000000E-0001  5.87101600000001E-0002  6.66666641000000E-0001
130EXP  -1  2.58931343000000E-0001  7.44019750000000E-0002  6.66666682000000E-0001
130EXP  -1  2.42833406000000E-0001  9.04999230000000E-0002  6.66666671000000E-0001
130EXP  -1  2.26332089000000E-0001  1.07001212000000E-0001  6.66666699000000E-0001
130EXP  -1  2.09431644000000E-0001  1.23901670000000E-0001  6.66666686000000E-0001
130EXP  -1  1.92137679000000E-0001  1.41195667000000E-0001  6.66666654000000E-0001
130EXP  -1  1.74457159000000E-0001  1.58876199000000E-0001  6.66666642000000E-0001
130EXP  -1  1.56398364000000E-0001  1.76934973000000E-0001  6.66666663000000E-0001
130EXP  -1  1.37970828000000E-0001  1.95362534000000E-0001  6.66666638000000E-0001
130EXP  -1  1.19185064000000E-0001  2.14148266000000E-0001  6.66666670000000E-0001
130EXP  -1  1.00052643000000E-0001  2.33280688000000E-0001  6.66666669000000E-0001
130EXP  -1  8.05858782000000E-0002  2.52747466800000E-0001  6.66666655000000E-0001
130EXP  -1  6.07977354000000E-0002  2.72535618600000E-0001  6.66666646000000E-0001
130EXP  -1  4.07016720000000E-0002  2.92631658000000E-0001  6.66666670000000E-0001
130EXP  -1  2.03115175000000E-0002  3.13021784500000E-0001  6.66666698000000E-0001
130EXP  -1  1.00000000000000E-0005  3.33323334000000E-0001  6.66666666000000E-0001
701LIN  0 1 255 255 255 0 1 ZPF:  750 Te_liquid(liq)
130EXP   0  3.33323334000000E-0001  9.99999999995449E-0006  6.66666666000000E-0001
130EXP  -1  3.19255483000000E-0001  1.40778549999999E-0002  6.66666662000000E-0001
130EXP  -1  3.12070628000000E-0001  2.12627040000000E-0002  6.66666668000000E-0001
130EXP  -1  3.04784578000000E-0001  2.85487540000001E-0002  6.66666668000000E-0001
130EXP  -1  2.89907561000000E-0001  4.34257680000000E-0002  6.66666671000000E-0001
130EXP  -1  2.74623176000000E-0001  5.87101509999999E-0002  6.66666673000000E-0001
130EXP  -1  2.58931352000000E-0001  7.44019800000000E-0002  6.66666668000000E-0001
130EXP  -1  2.42833407000000E-0001  9.04999240000000E-0002  6.66666669000000E-0001
130EXP  -1  2.26332109000000E-0001  1.07001224000000E-0001  6.66666667000000E-0001
130EXP  -1  2.09431657000000E-0001  1.23901677000000E-0001  6.66666666000000E-0001
130EXP  -1  1.92137669000000E-0001  1.41195660000000E-0001  6.66666671000000E-0001
130EXP  -1  1.74457142000000E-0001  1.58876188000000E-0001  6.66666670000000E-0001
130EXP  -1  1.56398360000000E-0001  1.76934971000000E-0001  6.66666669000000E-0001
130EXP  -1  1.37970810000000E-0001  1.95362522000000E-0001  6.66666668000000E-0001
130EXP  -1  1.19185065000000E-0001  2.14148268000000E-0001  6.66666667000000E-0001
130EXP  -1  1.00052643000000E-0001  2.33280689000000E-0001  6.66666668000000E-0001
130EXP  -1  8.05858695000000E-0002  2.52747461500000E-0001  6.66666669000000E-0001
130EXP  -1  6.07977219000000E-0002  2.72535609100000E-0001  6.66666669000000E-0001
130EXP  -1  4.07016708000000E-0002  2.92631660200000E-0001  6.66666669000000E-0001
130EXP  -1  2.03115301000000E-0002  3.13021800900000E-0001  6.66666669000000E-0001
130EXP  -1  1.00000000000000E-0005  3.33323334000000E-0001  6.66666666000000E-0001
001CMT   DEL/FIN activated
001CMT   000DEB Date/Time
300COL 128 127 126 (blue, green & red levels from 0-255)
101FNT   9 Arial
001ALI RIGHT
241LAB     -1130 1  1.02000000000000E+0000  7.00000000000000E-0002 1.00000 0.00000 // 2021-08-28  8 secs
241LAB     1130 0  1.02000000000000E+0000  7.00000000000000E-0002 1.00000 0.00000 2021-08-28  8 secs
001CMT   000FIN Date/Time
001CMT   000DEB Finished calculate
300COL   0   0 128 (blue, green & red levels from 0-255)
101FNT  12 Arial
400FNT  0 0 0 0   (bold, italic, underline, strikeout [0 = false])
001ALI CENTER
251LAB     1120 0  1.95780819696236E-0001  2.29313293855586E-0001  5.74905886448179E-0001 1.00000 0.00000 BCC1soln + MoTe{2} + WTe{2}
251LAB     1120 0  8.69724997335754E-0002  1.08911898281360E-0001  8.04115601985064E-0001 1.00000 0.00000 MoTe{2} + Te(liq) + WTe{2}
251LAB     1120 0  8.91930776919971E-0002  7.02542350042890E-0001  2.08264572265113E-0001 1.00000 0.00000 BCC1soln + MoTe{2}
251LAB     1120 0  4.81111527197486E-0003  9.35612960882531E-0001  5.95759238454940E-0002 1.00000 0.00000 BCC1soln + Mo + MoTe{2}
251LAB     1120 0  5.08882311833686E-0001  4.26236588979716E-0002  4.48494029268342E-0001 1.00000 0.00000 BCC1soln + WTe{2}
251LAB     1120 0  6.26572943630033E-0001  1.72648713370168E-0001  2.00778342999798E-0001 1.00000 0.00000 BCC1soln + WTe{2}
251LAB     1120 0  7.46484153384802E-0001  9.05912566409323E-0002  1.62924589974266E-0001 1.00000 0.00000 BCC1soln + WTe{2}
251LAB     1120 0  8.47519217751538E-0002  6.92707372445756E-0001  2.22540705779090E-0001 1.00000 0.00000 BCC1soln + MoTe{2}
000END
&/
